[LEFT_CAM_2K]
fx=1398.39
fy=1399.07
cx=1088.21
cy=637.707
k1=-0.172121
k2=0.0258822
k3=0
p1=5.35234e-05
p2=0.000101915

[RIGHT_CAM_2K]
fx=1397.86
fy=1397.93
cx=1118.87
cy=599.138
k1=-0.172052
k2=0.0258165
k3=0
p1=-5.19493e-05
p2=-0.000145746

[LEFT_CAM_FHD]
fx=1398.39
fy=1399.07
cx=944.21
cy=556.707
k1=-0.172121
k2=0.0258822
k3=0
p1=5.35234e-05
p2=0.000101915

[RIGHT_CAM_FHD]
fx=1397.86
fy=1397.93
cx=974.87
cy=518.138
k1=-0.172052
k2=0.0258165
k3=0
p1=-5.19493e-05
p2=-0.000145746

[LEFT_CAM_HD]
fx=699.195
fy=699.535
cx=630.605
cy=366.8535
k1=-0.172121
k2=0.0258822
k3=0
p1=5.35234e-05
p2=0.000101915

[RIGHT_CAM_HD]
fx=698.93
fy=698.965
cx=645.935
cy=347.569
k1=-0.172052
k2=0.0258165
k3=0
p1=-5.19493e-05
p2=-0.000145746

[LEFT_CAM_VGA]
fx=349.5975
fy=349.7675
cx=330.8025
cy=190.92675
k1=-0.172121
k2=0.0258822
k3=0
p1=5.35234e-05
p2=0.000101915

[RIGHT_CAM_VGA]
fx=349.465
fy=349.4825
cx=338.4675
cy=181.2845
k1=-0.172052
k2=0.0258165
k3=0
p1=-5.19493e-05
p2=-0.000145746

[STEREO]
Baseline=62.8168
TY=-0.117673
TZ=-0.0744323
CV_2K=0.00532869
CV_FHD=0.00532869
CV_HD=0.00532869
CV_VGA=0.00532869
RX_2K=0.00021251
RX_FHD=0.00021251
RX_HD=0.00021251
RX_VGA=0.00021251
RZ_2K=-8.01901e-06
RZ_FHD=-8.01901e-06
RZ_HD=-8.01901e-06
RZ_VGA=-8.01901e-06

