[LEFT_CAM_2K]
fx=1057.23
fy=1056.45
cx=1117.08
cy=645.482
k1=-0.0435131
k2=0.0115025
k3=-0.00529117
p1=2.95673e-05
p2=-7.57905e-05

[RIGHT_CAM_2K]
fx=1058.64
fy=1057.66
cx=1104.65
cy=651.183
k1=-0.0464529
k2=0.0153897
k3=-0.00644173
p1=-6.39693e-05
p2=-0.00034752

[LEFT_CAM_FHD]
fx=1057.23
fy=1056.45
cx=973.08
cy=564.482
k1=-0.0435131
k2=0.0115025
k3=-0.00529117
p1=2.95673e-05
p2=-7.57905e-05

[RIGHT_CAM_FHD]
fx=1058.64
fy=1057.66
cx=960.65
cy=570.183
k1=-0.0464529
k2=0.0153897
k3=-0.00644173
p1=-6.39693e-05
p2=-0.00034752

[LEFT_CAM_HD]
fx=528.615
fy=528.225
cx=645.04
cy=370.741
k1=-0.0435131
k2=0.0115025
k3=-0.00529117
p1=2.95673e-05
p2=-7.57905e-05

[RIGHT_CAM_HD]
fx=529.32
fy=528.83
cx=638.825
cy=373.5915
k1=-0.0464529
k2=0.0153897
k3=-0.00644173
p1=-6.39693e-05
p2=-0.00034752

[LEFT_CAM_VGA]
fx=264.3075
fy=264.1125
cx=338.02
cy=192.8705
k1=-0.0435131
k2=0.0115025
k3=-0.00529117
p1=2.95673e-05
p2=-7.57905e-05

[RIGHT_CAM_VGA]
fx=264.66
fy=264.415
cx=334.9125
cy=194.29575
k1=-0.0464529
k2=0.0153897
k3=-0.00644173
p1=-6.39693e-05
p2=-0.00034752

[STEREO]
Baseline=119.552
TY=-0.201862
TZ=0.309823
CV_2K=0.00534503
CV_FHD=0.00534503
CV_HD=0.00534503
CV_VGA=0.00534503
RX_2K=-0.000624801
RX_FHD=-0.000624801
RX_HD=-0.000624801
RX_VGA=-0.000624801
RZ_2K=0.001236
RZ_FHD=0.001236
RZ_HD=0.001236
RZ_VGA=0.001236

